-8.60157210584	41.179576075
-8.64848789572	41.1680486034
-8.61462541766	41.1469631265
-8.66998290274	41.2371396657
-8.4565	40.4248
-8.58565682206	41.1487991701
-8.67896156406	41.1554071547
-9.1291	38.769
-8.50336666667	41.1481111111
-8.47193333333	41.33785
-8.6009	41.0924166667
-8.56608333333	41.16810625
-8.62198100437	41.1589502183
-8.63629547414	41.1407631466
-8.6647725	41.1876991667
-8.58923125	41.24275
-8.69506851064	41.1853165957
-8.6372	40.9484
-8.1985	41.3642
-8.63391812865	41.1929251462
-8.588	41.7637
-8.64379633508	41.1562157068
-8.73966470588	41.3573176471
-8.5924382151	41.161809611
-8.62022546468	41.1293762082
-8.55968	41.1397171429
-8.64382173913	41.034473913
-8.65934298643	41.1618816742
-7.7556	41.2929
-8.53379777778	41.1848155556
-8.7538	39.9485
-8.602619869	41.1560220524
-8.142	40.3903
-8.61569626866	41.1759817164
-8.3915	40.8501
-8.60624367491	41.1447166078
-8.59507754011	41.1867352941
-8.62941428571	41.1569386489
-8.276775	41.21305
-8.55609354839	41.2182887097
-8.624906	41.233542
-8.62518986784	41.1762674009
-8.65681767068	41.1721457831
-8.6888869863	41.2087191781
-8.60483058511	41.1252337766
-8.41635	41.55075
-8.52595	41.0943666667
-8.61624456094	41.1373009174
-8.66880936768	41.1761777518
-8.57017666667	41.1598138095
-8.5085	42.0709
-8.63233269231	41.1114711538
-8.65020724638	41.1493531401
-8.56612857143	41.0276428571
-8.50666470588	41.2011705882
-8.62106270754	41.1468058748
-8.53321492537	41.1431835821
-8.6828664557	41.1763025316
-8.42436666667	41.0765333333
-8.56797647059	41.1911305882
-8.828	41.6958
-7.9115	40.6596
-8.65917035573	41.1488822134
-8.70671428571	41.3101071429
-8.59886190476	41.1988285714
-8.54553454545	41.1713133333
-8.30165	41.434925
-8.55816666667	40.92455
-8.58605320856	41.1763336898
-8.6099879046	41.1600788756
-8.58944631579	41.1224073684
-8.65000434783	41.0776434783
-8.384375	41.16275
-8.58421174603	41.1624649206
-8.5161	41.4239833333
-8.57488433048	41.1435356125
-8.60464288136	41.1610374576
-8.59872357595	41.1508172468
-8.64271	41.0078516667
-8.6541826484	41.1810222831
-8.60966466754	41.1531980443
-8.71056296296	41.2006716049
-8.640536	41.1606026667
-8.61587452575	41.1416098464
-8.76396666667	41.3886
-8.64670407125	41.1782351145
-8.64901724138	41.1300172414
-8.612775	40.882775
-8.61914664247	41.1664622505
-8.67480600414	41.1499066253
-8.4569	40.649
-8.62647116935	41.1504953629
-8.2292	41.0578
-8.69577142857	41.2252619048
-8.63970233918	41.1653871345
-8.64744150943	41.2556660377
-8.66558964497	41.1561653846
-8.62827118644	41.1700884181
-8.69254133333	41.1973
-8.62580526316	41.2145815789
-8.5811195122	41.1857869919
-8.65462355372	41.154513843
-8.63877902098	41.1870062937
-8.67144177215	41.1670881857
-8.61017325383	41.1412518739
-8.59344769231	41.1053538462
-8.60309017341	41.1744676301
-8.6494624424	41.1625735023
-8.51890178571	41.1625125
-8.6093	41.1137388158
-8.60788042373	41.147835
-8.35705	41.31585
-8.5176	41.2809
-8.57945714286	41.1258510204
-8.60631041667	41.2213458333
-8.65709615385	41.1189730769
-8.52946	41.2275133333
-8.57075338983	41.1790940678
-8.44964	41.23568
-8.68583109244	41.1829411765
-8.66316314103	41.1712112179
-8.57804776903	41.1578674541
-8.2966	41.6091
-8.68242059553	41.1598191067
-8.72293571429	41.2554071429
-8.4198	40.9449
-8.61141078431	41.1711757353
-8.57772401961	41.1654313725
-8.5458375	41.1076916667
-8.68854382979	41.1745051064
-8.63339607843	41.095045098
-8.63098502907	41.1534832849
-8.63695486111	41.1716590278
-8.59327822222	41.156488
-8.61296963351	41.1827314136
-8.61456857143	41.2596314286
-8.61865944798	41.153833121
-8.56047142857	41.0630714286
-8.64925162866	41.1550094463
-8.57859928058	41.193928777
-8.4933	40.89035
-8.63180625	41.0676625
-8.53546206897	41.1339206897
-8.62447046632	41.1811051813
-8.60068597211	41.18225242
-8.61744001736	41.1465769965
-8.63681783784	41.1596045946
-8.58934457478	41.1654357771
-8.63544177215	41.1267943038
-8.59811129032	41.1352774194
-8.1503	41.1844
-8.61197239078	41.1489006068
-8.46337777778	41.1804333333
-8.62615582822	41.1364447853
-8.68736091371	41.1667923858
-8.63938105263	41.2056336842
-8.62588349515	41.156979733
-8.62344487179	41.119324359
-8.65340851852	41.1674659259
-8.5892375	41.1717795732
-8.5419	41.1518615385
-8.5653625	41.2681
-8.6668	41.3964
-8.67177267442	41.1593959302
-8.5675740566	41.1524462264
-8.61723636364	41.0196545455
-8.50355555556	41.1080666667
-8.61392924107	41.1634796875
-8.61309118644	41.1335888136
-8.57566111111	41.10035
-8.68306923077	41.2212615385
-8.42825	40.8861
-8.56686421053	41.2065821053
-8.65387439024	41.1900993902
-8.62655106383	41.199612766
-8.70391810345	41.1913293103
-8.66611946903	41.1500516224
-8.60935430712	41.1773588015
-8.44083333333	41.3640333333
-8.5542016129	41.1860451613
-8.667056	41.199846
-8.66317782609	41.1794530435
-8.68126666667	41.349
-8.52263684211	41.1923368421
-8.61209821429	41.1928107143
-8.55745510204	41.1738272109
-8.67908	41.27066
-8.60765089606	41.1652487455
-8.59224215385	41.1498956923
-8.61437666667	41.2309216667
-8.64149333333	41.2357622222
-8.6377112	41.1527152
-8.64701883117	41.1418032468
-8.52033333333	41.042
-8.6661025	41.129335
-8.7399	41.4737
-8.56563625731	41.1745032164
-8.59914517375	41.164753668
-8.6023543379	41.145610274
-8.62482156863	41.1660302521
-8.604775	41.1496561966
-8.542	41.34455
-8.61117239145	41.1460388853
-8.60287967033	41.1689412088
-8.67936096491	41.1817815789
-8.58702222222	41.2179222222
-8.66458297872	41.225512766
-8.60446865672	41.1824379531
-8.61344509804	41.1244797386
-8.4256	41.4851
-8.58295684647	41.1708763485
-8.58264444444	41.1809750751
-8.60683478261	41.1331573913
-8.55042083333	41.1451055556
-8.61282708333	41.2059104167
-8.59861575758	41.1596566667
-8.6294706619	41.1609989267
-8.56344736842	41.1318907895
-8.61367872861	41.1546315403
-8.4835	40.3701
-8.57212826855	41.1661678445
-8.59655897436	41.1448803419
-8.62147654076	41.1505600398
-8.50002153846	41.1879553846
-8.69151461318	41.1803575931
-8.65760952381	41.103
-8.63127798165	41.1810059633
-8.73455	41.3098
-8.6600989418	41.1544322751
-8.52089615385	41.1421730769
-8.55300983607	41.1619262295
-8.64137727273	41.1462742424
-8.64460814664	41.1610505092
-8.52978297872	41.1655276596
-8.63105428571	41.1467388571
-8.4567	41.0194
-8.61312164731	41.1404477297
-8.59504761905	41.1685146259
-8.54523846154	41.2336846154
-8.60661753775	41.1523052265
-8.66510568562	41.1629989967
-8.54431481481	41.2068277778
-8.64774373402	41.1514823529
-8.63251143617	41.1644704787
-8.46485	41.097975
-8.71043043478	41.223026087
-8.64973432836	41.1738966418
-8.67315014006	41.1539817927
-8.5787	40.8348
-8.57895294118	41.0609529412
